1	2	1	1	7	5	1
2	2	2	2	1	5	1
3	2	2	3	4	5	1
4	2	4	6	9	5	1
5	1	5	7	9	5	1
6	2	2	4	5	5	1
7	2	2	5	6	5	1
8	3	2	2	1	1	1
9	3	2	3	4	5	1
10	3	2	4	5	5	1
11	3	2	5	6	5	1
12	3	2	3	12	5	1
13	3	2	3	13	5	1
14	4	2	3	12	5	1
15	4	2	3	13	5	1
16	4	2	2	1	5	1
17	41	2	5	6	5	1
18	41	2	5	12	5	1
19	41	2	5	13	5	1
20	2	1	8	16	5	1
21	7	2	5	6	5	1
22	7	2	5	19	5	1
23	4	2	9	1	5	1
24	2	2	9	1	5	1
25	3	2	9	1	1	1
26	5	3	10	1	5	1
27	153	2	3	12	5	0
28	2	2	3	12	5	1
29	153	2	3	13	5	0
30	2	2	3	13	5	1
31	7	2	5	15	5	1
32	3	2	5	15	5	1
33	4	2	5	15	5	1
34	7	2	5	15	5	1
35	3	2	11	16	5	1
36	4	2	11	16	5	1
37	2	1	8	14	5	1
39	2	6	13	18	5	1
40	4	2	5	6	5	1
41	2	7	14	20	5	1
42	5	7	14	20	5	1
44	6	1	1	7	5	1
45	6	1	8	14	5	1
47	10	1	8	14	1	1
48	8	1	8	14	5	1
49	2	1	12	17	5	1
50	9	1	8	12	1	1
